1.27361485195326
1.36386809494913
1.35214795241452
1.40984473271081
3.90569664398539
3.90569664398539
3.90569664398539
3.90569664398539
4.07858770269172
4.0859394737565 
4.0859394737565 
4.0859394737565 
4.58166250933926
4.58166250933926
4.58166250933926
5.68798040098751
6.3894056823409 
5.74848531694669
5.89284573751126
5.89284573751126
5.89284573751126
5.89284573751126
4.72617907084459
7.72617907084459
7.72617907084459
7.72617907084459
7.6536394058654 
4.6572177015164 
4.72975736649559
4.72975736649559
4.72975736649559
4.73051639890641
4.73051639890641
4.73051639890641
4.73051639890641
8.1117414318534 
8.1117414318534 
8.1117414318534 
8.1117414318534 
8.1117414318534 
8.11174143185341
8.1117414318534 
8.1117414318534 
8.1117414318534 
8.1117414318534 
8.1117414318534 
8.1117414318534 
8.1117414318534 
8.1117414318534 
8.1117414318534 
8.86174143185341
8.8617414318534 
8.86174143185341
8.11859666863695
8.11859666863695
8.86859666863696
8.86859666863696
8.86859666863696
8.86859666863695
8.86859666863695
8.84886550885126
8.84886550885126
8.84886550885125
8.76064159198467
8.76064159198467
8.06739103040156
8.78092364873458
8.78092364873458
8.78092364873458
7.65482791851306
8.09886550885125
8.09886550885125
6.97034472184832
6.97034472184832
6.97034472184832
6.88323353906834
6.97034472184832
4.718087529792  
5.45012317412978
6.53763709507609
6.97034472184832
6.53763709507609
6.5431175556173 
5.8817180668154 
5.46160777154015
5.8817180668154 
7.71505140014873
4.77893640704714
4.77893640704714
4.78884503915168
7.11080890950841
7.10090027740388
7.10090027740387
7.10090027740387
7.10090027740387
4.62969111819489
4.29165045806802
4.32800355904603
4.35003995427149
6.97034472184832
6.97034472184832
