0.475105533615448
0.424633288954499
0.536555816139074
0.491341193835822
0.655392830860053
1.90168799474221
2.0229494499296 
2.00771102531634
2.90837521201585
3.67977060150682
3.82590064560682
3.7965319311371 
3.71143606701682
0.854006908673272
0.796678970413959
0.653859324552944
0.658057351603949
0.667960773479701
0.674495774377  
6.96578428466209
0.761395428413298
0.624774583442634
0.539993229298355
0.731090828176459
3.36304802235035
3.28593555014859
4.53232489675667
4.53232489675667
8.09886550885125
8.09886550885125
8.09886550885125
8.84886550885126
8.09886550885125
0.545414871231702
0.583433035470546
0.478267855036627
0.577142627455392
0.701278888433423
0.797053002756672
0.784167981075241
1.54943751262443
4.53232489675667
4.53232489675667
4.53232489675667
4.99065823009   
4.99065823009   
4.99065823009   
4.99065823009   
4.99065823009   
4.53232489675667
7.53232489675667
10.9313185790095
10.9313185790095
0.660484413664455
1.27731209076631
1.65054802819976
4.53232489675667
4.53232489675667
4.53232489675667
4.53232489675667
8.09886550885125
8.09886550885125
8.84886550885125
8.84886550885126
8.84886550885126
8.84886550885126
8.84886550885126
8.09886550885125
8.84886550885126
8.84886550885126
8.09886550885125
8.09886550885125
8.09886550885125
0.567610287927077
0.579897226856778
0.521472384681578
3.58315825895485
7.02331225939786
4.42602782530016
4.50557633962361
0.450793671828193
0.745437382950881
7.53423039301627
7.53423039301627
7.53232489675667
5.62491748934926
5.62491748934926
4.89122168935413
4.89323525887651
4.88909390908084
5.49881214550228
5.41487184758422
5.41487184758422
5.59482489675667
5.59482489675667
7.54158415601593
7.54158415601593
7.54158415601593
5.18232489675667
4.9058864708036 
5.01012300782849
