0.424569429744925
0.52342118185418
0.576180457232631
0.449103895958985
1.20738089722593
0.419055541233226
0.754983201380298
0.811107244895104
0.776891054937612
3.63161862237583
7.53232489675667
7.53333338418086
4.53333338418086
7.53333338418086
6.85833338418086
6.85833338418086
7.60833338418086
7.60833338418086
7.41558493255962
7.33969282988286
6.74060942644848
6.91001863815306
6.91001863815306
6.91001863815306
6.91001863815306
6.91001863815306
8.41001863815306
6.91001863815306
6.91001863815306
6.91001863815306
8.41001863815306
8.41001863815306
6.91001863815306
6.91001863815306
6.91001863815306
6.91001863815306
8.41001863815306
8.41001863815306
8.41001863815306
8.41001863815306
6.91001863815306
6.91001863815306
6.91001863815306
6.91001863815306
8.09886550885125
8.09886550885126
8.09886550885125
7.87015096545011
7.87015096545011
7.87015096545011
7.87015096545011
8.09886550885126
7.72327006601818
8.09886550885126
8.09886550885126
7.23356357456621
8.28906100893779
8.28906100893779
8.28906100893779
9.03906100893779
8.0372651813402 
8.28906100893779
7.39466124632551
8.28906100893779
8.28906100893779
9.03906100893779
8.6002141382396 
8.6002141382396 
9.03906100893779
7.36406105894386
8.28906100893779
8.28906100893779
8.28906100893779
8.53674833210577
8.53674833210577
8.53674833210577
8.53674833210577
6.97766319746142
6.97782632742872
7.45799721018256
7.32282491691827
7.98016990363956
7.98016990363956
12.8886448233392
13.265389193655 
12.8886448233392
12.8886448233392
12.8886448233392
0.516615168948091
0.534839033310911
0.436796844531046
0.470511233222446
0.478512489874564
0.495386512968871
0.564937470706986
4.53232489675667
4.53232489675667
4.64974319602629
4.64974319602629
4.65453379267641
4.24400798195349
