0.363786855287553
0.415307126644804
3.01587868782835
5.84018298481158
7.26479182993423
7.26479182993423
7.26479182993423
8.09886550885125
7.95723035582761
7.95723035582761
7.95723035582761
8.09886550885125
8.09886550885125
8.70723035582761
6.96578428466209
6.96578428466209
6.96578428466209
6.96578428466209
7.84706968125366
6.96578428466209
6.96578428466209
8.09886550885125
6.91001863815306
6.91001863815306
6.91001863815306
6.91001863815306
6.91001863815306
6.91001863815306
6.91001863815306
6.91001863815306
6.91001863815306
6.91001863815306
6.91001863815306
6.91001863815306
8.43501863815306
7.68501863815306
7.68501863815306
8.18479653447795
6.44335046331243
6.44335046331243
8.43501863815306
6.4433662723762 
6.44335046331243
8.22256590861759
8.19756590861759
8.09886550885125
8.09886550885125
8.84886550885126
8.84886550885125
8.84886550885125
8.86094370888587
7.96930855586222
6.90086006766153
7.15631493444936
7.15631493444936
7.68501863815306
7.68501863815306
8.09886550885125
8.09886550885126
8.09886550885126
8.09886550885125
8.09886550885125
8.09886550885126
8.09886550885126
8.09886550885125
8.09886550885125
8.09886550885125
8.09886550885125
8.09886550885125
8.84886550885126
8.84886550885126
8.84886550885126
8.84886550885126
8.84886550885126
8.84886550885126
8.84886550885126
8.09886550885126
8.09886550885125
8.09886550885125
8.09886550885125
8.09886550885125
8.81239812718428
8.81239812718428
8.81239812718428
8.09886550885125
8.09886550885125
8.09886550885125
8.09886550885125
8.09886550885126
8.09886550885126
8.09886550885125
8.09886550885125
8.09886550885125
8.09886550885125
8.09886550885125
8.09886550885125
8.09886550885125
7.84706968125366
7.84706968125366
8.7072303558276 
8.84886550885126
