0.563341348098087
0.591122727907701
0.683574884363707
0.582801995871918
2.04851058176691
6.40732489675667
6.28232489675667
6.28232489675667
5.03232489675667
5.49065823009   
4.6636053947048 
4.89712229558284
7.53232489675667
4.5362284920123 
4.89422965866143
4.8108963253281 
4.56479992058373
6.91001863815306
6.91001863815306
6.91001863815306
6.91001863815306
6.91017125421374
6.91017125421374
6.91017125421374
6.91017125421374
6.91017125421374
7.49350458754707
6.91017125421374
6.91017125421374
6.91017125421374
6.91017125421374
6.91017125421374
6.91017125421373
6.91456279887632
12.7241331497896
12.7241331497896
12.7241331497896
12.7241331497896
13.5166977302551
12.7241331497896
12.7241331497896
12.7241331497896
12.7241331497896
12.7241331497896
12.7241331497896
12.7241331497896
12.7241331497896
12.7241331497896
13.2649019026575
13.5166977302551
12.4728080833576
13.5166977302551
13.5166977302551
12.3836165060659
12.3836165060659
13.5166977302551
13.5166977302551
13.5166977302551
13.5166977302551
13.5166977302551
13.5166977302551
14.2666977302551
14.2666977302551
14.2666977302551
14.2666977302551
14.2666977302551
14.2666977302551
14.1250625772315
14.1250625772315
14.1250625772315
12.4637022721042
12.4637022721042
13.5166977302551
13.5166977302551
12.3836165060659
11.1209504038752
12.7241331497896
12.7241331497896
12.7241331497896
13.1130220386785
13.1130220386785
12.4251256045175
12.7241331497896
12.4251256045175
11.5438402079259
11.5438402079259
11.5438402079259
13.7380745614169
13.9741331497896
12.7241331497896
10.9868027823877
11.9828652571467
11.9695781119703
12.2268363902844
12.1680840305116
12.1680840305116
12.1680840305116
12.1680840305116
12.1680840305116
12.1708462662334
12.7241331497896
