0.618126433221673
0.768771819972059
0.885556745132016
0.819801971647292
0.837703251686837
0.884653438743771
0.883176884454493
1.30372869223559
4.53966531085853
4.53966531085853
4.53966531085854
1.435705659519  
4.53857064916568
6.91001863815306
6.91001863815306
6.91001863815306
6.91001863815306
6.91001863815306
6.91001863815306
8.09886550885125
8.09886550885125
8.41001863815306
8.41001863815306
8.41001863815306
8.41001863815306
8.41001863815306
8.41001863815306
6.91001863815306
6.91001863815306
6.91001863815306
6.91001863815306
7.68501863815306
8.43501863815306
7.09057419370861
6.91001863815306
6.91001863815306
6.91001863815306
6.91001863815306
7.03964826778269
7.03964826778269
6.91001863815306
6.91001863815306
6.91001863815306
6.91001863815306
6.91001863815306
6.91001863815306
6.91001863815306
6.91001863815306
6.91001863815306
8.09886550885125
8.09886550885125
8.09886550885125
8.09886550885125
8.09886550885125
8.09886550885126
8.84886550885126
8.09886550885126
8.09886550885125
8.09886550885126
8.09886550885125
8.09886550885125
8.09886550885126
8.09886550885125
8.09886550885125
8.09886550885126
8.09886550885125
8.09886550885125
8.09886550885126
8.09886550885125
8.09886550885126
8.09886550885125
8.09886550885125
7.06852529652301
8.09886550885125
6.96578428466209
8.09886550885125
8.84886550885126
8.09886550885125
8.09886550885125
8.09886550885125
0.585586384899095
0.540558383815293
0.547646225395282
0.43377763503678
0.460509096423754
0.432281244162719
0.469782596118464
0.498931095238328
0.514211665180975
0.511175894323758
0.503674260878434
0.504182260773136
0.483177899666127
0.467124599810132
0.458410160551352
0.451736008267647
4.5362284920123 
8.09886550885126
8.09886550885126
7.24730600857328
8.09886550885126
