0.400439467498735
0.515878037836623
0.562937882400247
0.54786773727631
0.613627942799971
0.658831124888333
0.917931320588519
4.54021075647635
4.54021075647635
4.54021075647635
4.54021075647635
4.5405117000966 
6.32940247680371
5.18773581013704
0.654012378201079
4.5405117000966 
4.54021075647635
0.875155037930622
0.768412796088764
0.675147303813333
0.76678753934969
0.659183684334837
2.61507858049495
4.64971973073344
3.64308598361952
6.5187275054654 
6.52020280859967
5.83498540117794
6.60290661777079
6.6000832237532 
5.93699182896554
5.87904339150418
5.8793811229661 
6.91230408230733
6.91230408230733
6.91230408230733
6.91230408230732
6.91230408230732
5.66215802865829
5.65744398826419
8.41001863815306
6.91001863815306
6.91001863815306
6.91001863815306
8.41001863815306
8.43501863815306
7.68501863815306
7.68501863815306
7.68501863815306
7.68501863815306
7.68501863815306
8.43501863815306
8.43501863815306
8.43501863815306
7.68501863815306
7.68501863815306
7.68501863815306
6.91001863815306
6.91001863815306
8.09886550885125
8.09886550885125
8.09886550885125
8.09886550885125
8.09886550885125
8.09886550885125
8.09886550885125
8.84886550885126
8.84886550885126
8.09886550885125
8.09886550885125
8.09886550885125
8.09886550885125
8.09886550885125
7.84706968125366
7.84706968125366
7.84706968125366
6.91001863815306
8.09886550885125
8.09886550885125
8.09886550885125
8.09886550885125
8.7072303558276 
8.70723035582761
8.7072303558276 
7.95723035582761
7.84706968125366
7.84706968125366
8.09886550885126
8.09886550885125
8.09886550885125
8.09886550885126
8.09886550885125
8.09886550885126
8.09886550885125
8.09886550885125
7.39855836334545
7.39855836334545
7.39855836334545
8.09886550885126
8.09886550885125
8.09886550885126
