0.392820604407053
1.53690842256059
2.13690938927284
2.22157670208744
5.30315823009   
0.944398905032547
0.579104062253476
0.609889632613349
4.53232489675667
4.53232489675667
4.53232489675667
4.53232489675667
4.53232489675667
4.53232489675667
0.84074084637983
0.774675460526885
0.850949772455127
0.818044025270134
0.572558034148044
0.646095551063119
0.670100052252482
0.637619867905621
0.711914166145002
0.810537492772599
0.480946552048093
0.482112334514632
0.519980558096318
1.02428404377252
2.13691149365642
3.28585914741547
3.24117641275173
3.60647863147299
3.60269698636803
2.45475136378834
2.46475652683395
6.98559588820199
7.53232489675667
7.53232489675667
7.53232489675667
4.67566666403198
4.67475061269658
4.90805858834585
4.84079746985838
4.8207310294169 
6.97840958502558
6.97321986171862
7.53232489675667
7.53232489675667
7.53232489675667
7.53232489675667
4.53609837217045
4.53784000583643
3.70808143224504
3.11450850670792
3.96873792633498
3.1869082802544 
4.38982228990969
4.5639719774181 
4.73132861143222
7.76106389683085
7.66106389683085
8.41001863815306
8.41001863815306
8.41001863815306
8.41001863815306
8.41001863815306
8.1327922298357 
8.1327922298357 
8.19756590861759
8.19756590861759
8.41001863815306
6.91001863815306
6.91001863815306
6.91001863815306
6.62674833210577
11.5053899587117
11.6696870761737
12.4898111012596
13.9741331497896
13.9741331497896
12.7241331497896
12.7241331497896
12.7241331497896
12.7241331497896
12.7241331497896
12.7241331497896
12.7241331497896
11.5440112262275
11.5440112262275
11.5440112262275
12.7241331497896
12.0598962489914
0.416370322465289
0.481061943915854
0.393009069086642
6.98006987436162
6.98508967035195
7.53242783126978
7.53242783126978
7.53242783126978
0.459460686777654
