0.453228427127091
0.496972562985002
0.479366464314585
0.5167311529733 
0.637876571228474
0.562543233500098
1.40782801591597
2.90474971183686
3.29827061574211
3.7486746203376 
4.20085007884877
4.34534035329006
4.52852690701731
6.21298549778896
6.21298549778896
6.08271975788982
6.33397353971636
6.16145979995942
6.91001863815306
8.41001863815306
8.41001863815306
8.41001863815306
8.41001863815306
0.629237469952048
4.53737063698842
4.90820680204908
4.90820680204908
5.15820680204908
6.91001863815306
6.91001863815306
7.68501863815306
6.91001863815306
6.91001863815306
6.91001863815306
8.09886550885126
8.09886550885126
8.09886550885126
8.84886550885125
8.09886550885126
8.09886550885126
8.09886550885126
8.09886550885126
8.84886550885126
8.41001863815306
8.41001863815306
8.41001863815306
8.09886550885126
8.09886550885126
8.09886550885126
8.09886550885125
8.09886550885125
8.09886550885126
8.09886550885126
8.09886550885126
8.09886550885126
8.09886550885125
6.91001863815306
7.68501863815306
7.68501863815306
7.68501863815306
7.68501863815306
7.68501863815306
8.09886550885125
8.09886550885125
8.41001863815306
6.91001863815306
6.91001863815306
7.03964826778269
7.03964826778269
8.41001863815306
6.91001863815306
6.91001863815306
8.41001863815306
6.91001863815306
6.91001863815306
6.91001863815306
6.91001863815306
6.91001863815306
6.91001863815306
8.12674833210577
8.41001863815306
12.7241331497896
12.7241331497896
0.573813550184792
0.563172404883901
1.39257963499669
1.40361933009471
5.32037042121789
2.26938677858606
1.38620363013029
1.9109592187913 
4.53333338418086
5.90833338418086
5.92261024275937
6.91001863815306
6.91001863815306
6.91001863815306
6.91001863815306
6.91001863815306
6.91001863815306
6.91001863815306
