0.450178046037999
0.589259355626948
0.958071250909906
4.75360182924686
6.91001863815306
6.91109515718794
6.91109515718794
6.91109515718794
6.91109515718794
6.91109515718794
6.91109515718794
6.91109515718794
6.91001863815306
6.91001863815306
7.53501863815306
7.53501863815306
7.53501863815306
7.53501863815306
7.53501863815306
6.91001863815306
7.53501863815306
6.91001863815306
6.91001863815306
6.91001863815306
6.91001863815306
7.02996621862409
7.05995311374185
7.05995311374185
7.05995311374185
8.55995311374185
7.05995311374185
7.06473490889335
7.06473490889335
7.83973490889335
7.83495311374185
7.83495311374185
7.05995311374185
8.55995311374185
6.67932770440836
7.05995311374185
7.29554636265763
7.29554636265763
7.29895058986997
8.83562753176096
9.38088840115656
9.38088840115656
7.88088840115656
7.58446901394144
7.4543031547717 
8.79750524366397
8.79750524366397
6.96578428466209
7.84706968125366
6.96578428466209
8.09886550885126
8.09886550885126
8.09886550885126
0.732738574640153
0.580961804071348
0.648830482594179
0.707212007991256
4.53319236236903
4.53319236236903
4.53319236236903
4.53319236236903
4.53818028964012
4.5341837516403 
4.53319236236903
4.53319236236903
4.53319236236903
4.53319236236903
4.53319236236903
4.53319236236903
4.53319236236903
4.53319236236903
4.53319236236903
3.28856379374638
4.53418375164031
4.5341837516403 
0.680003443240539
0.703313342186479
0.548516341116774
0.536532356516221
0.567406731651603
0.569967133011827
4.53712074235645
4.53712074235645
4.53712074235645
4.53692246450219
7.53232489675667
7.53232489675667
4.53674897137972
4.53865446763932
4.53865446763932
7.53232489675667
7.53232489675667
7.53232489675667
7.27738162131411
7.53232489675667
7.53363539111003
7.58432861384391
