0.324074074,0.634848485,1
0.347222222,0.27733457,0.914659121
0.285714286,0.510667904,1
0.375,0.373871367,0.784464541
1.33974359,0.499047619,0.961523948
0.40625,0.998095238,0.942809042
1.111111111,0.54047619,0.894427191
0.285714286,0.587142857,0.835504418
0.375,0.484920635,0.79077367
0.380952381,0.617929293,0.843274043
0.376068376,0.600468975,0.883021571
1,0.467063492,0.979957887
0.458333333,0.913333333,0.99380799
0.427777778,0.688961039,0.961523948
0.427777778,0.688961039,0.961523948
0.533333333,0.77047619,0.997940266
1.111111111,0.54047619,0.894427191
0.416666667,0.330772006,1
0.365853659,0.63707483,0.952579344
0.32183908,0.35007215,0.912870929
0.325581395,0.50380334,0.931334265
0.351351351,0.943030303,0.97366764
0.642857143,0.778571429,0.97366764
0.512820513,0.816666667,1
0.9,0.523881674,0.97366764
0.5,0.973809524,0.943701431
0.9,0.584920635,0.979957887
0.414634146,0.625468975,0.891231897
0.6,0.578174603,0.997940266
0.95,0.364687693,0.997940266
0.95,0.497691198,0.97366764
0.411764706,0.820952381,0.997940266
0.625,0.860714286,0.997940266
0.300925926,0.515151515,0.933799056
0.53125,0.87,0.894427191
0.329059829,0.646428571,0.952380952
0.533333333,0.478327922,0.997940266
0.818181818,0.676190476,0.979957887
0.5625,0.87,0.894427191
0.818181818,0.634992785,0.943701431
0.300925926,0.683333333,1
0.95,0.51462585,0.997940266
0.416666667,0.538744589,0.904534034
0.863636364,0.606122449,0.97366764
0.5625,0.451422387,0.997940266
0.433333333,0.991515152,0.942809042
0.818181818,0.608503401,0.97366764
0.324074074,0.621991342,0.904534034
0.380952381,0.508730159,0.952579344
0.404761905,0.427825878,0.943701431
0.403225806,0.530627706,0.924500327
0.772727273,0.620408163,0.997940266
0.340909091,0.410562771,0.928476691
0.347222222,0.382158318,0.91925472
0.666666667,0.771428571,0.997940266
0.300925926,0.542929293,1
0.480769231,0.63047619,1
0.863636364,0.773333333,0.943701431
0.404761905,0.385837972,0.931334265
0.6,0.430411255,0.997940266
0.446428571,0.46984127,1
0.325,0.975324675,0.943701431
0.318627451,0.470779221,1
0.365853659,0.563327149,0.943701431
0.37037037,0.455627706,1
0.529411765,0.556190476,0.997940266
0.347222222,0.489047619,0.91925472
0.425,0.591414141,0.943701431
0.625,0.860714286,0.997940266
0.37037037,0.361255411,1
0.633333333,0.436661255,0.997940266
0.476190476,0.532380952,1
0.348837209,0.554545455,0.943701431
0.333333333,0.466738817,1
0.324074074,0.446320346,1
0.430107527,0.439047619,1
0.459770115,0.498809524,1
0.300925926,0.684848485,1
0.333333333,0.39746444,1
0.380952381,0.493259122,0.931334265
0.300925926,0.508405483,1
0.95,0.536507937,0.92998111
0.380952381,0.427612863,0.942809042
0.328282828,0.508405483,1
0.361111111,0.998095238,0.942809042
0.678571429,0.530952381,0.997940266
0.625,0.860714286,0.997940266
0.390243902,0.540223665,0.931334265
0.416666667,0.609863946,0.942809042
0.333333333,0.39746444,1
0.421052632,0.533477633,0.943701431
0.300925926,0.42393321,1
0.392156863,0.401659452,1
0.53125,0.408802309,0.997940266
0.53125,0.402566481,0.997940266
0.347222222,0.488961039,1
0.300925926,0.59969697,1
0.357142857,0.820833333,1
0.324074074,0.520707071,1
0.324074074,0.614848485,1
0.4,0.498484848,0.889000889
0.37037037,0.455627706,1
0.320833333,0.385559678,0.911322377
0.294117647,0.444264069,1
0.384615385,0.429715523,0.891231897
0.376068376,0.643030303,0.909588054
0.329059829,0.388497217,0.952380952
0.4,0.636666667,0.826717928
0.372093023,0.359369202,0.889000889
0.347222222,0.326001082,0.914659121
0.324074074,0.684848485,1
0.403225806,0.467135642,1
1.078431373,0.586666667,0.795411679
0.363636364,0.461212121,0.884984651
0.9,0.540548341,0.97366764
0.380952381,0.514347557,0.894427191
0.333333333,0.312445887,0.779579443
0.411764706,0.609585652,0.894427191
0.40625,0.995238095,0.942809042
0.348837209,0.421552257,0.943701431
0.329059829,0.646428571,0.952380952
0.37745098,0.511688312,0.909588054
0.333333333,0.465021645,0.864241621
0.9,0.584920635,0.979957887
0.347222222,0.304220779,0.904534034
0.300925926,0.466414141,0.933799056
0.863636364,0.625170068,0.97366764
0.343137255,0.360667904,1
0.708333333,0.73047619,0.979957887
0.318627451,0.395299938,0.91925472
0.380952381,0.351205937,0.889000889
0.333333333,0.46672851,0.957841489
0.394736842,0.533080808,0.784464541
0.566666667,0.481304113,0.997940266
0.576923077,0.468326118,0.997940266
0.4,0.366512059,0.943701431
0.375,0.495707071,0.784464541
0.324074074,0.502849928,0.942809042
0.384615385,0.550396825,0.891231897
0.361111111,0.998095238,0.942809042
0.35,0.400061843,0.864241621
0.380952381,0.493259122,0.931334265
0.4,0.495779221,0.891231897
0.361842105,0.423268398,0.952380952
0.365853659,0.465223665,0.891231897
0.708333333,0.678571429,0.97725455
0.366666667,0.430167749,0.93893712
0.357142857,0.614347557,0.942809042
0.4,0.636666667,0.826717928
0.366666667,0.541898578,0.952380952
0.375,0.421185065,0.942809042
0.425,0.40007215,0.759113116
0.376068376,0.618326118,0.952380952
0.375,0.373871367,0.784464541
0.325581395,0.424211503,0.89566859
0.5,0.879166667,0.979957887
0.818181818,0.533673469,0.979957887
0.324074074,0.501262626,1
0.380952381,0.473953824,0.931334265
0.318627451,0.411255411,1
0.318627451,0.379715523,1
0.365853659,0.363048856,0.826717928
0.357142857,0.458181818,0.754247233
0.5,0.973809524,0.943701431
0.30952381,0.403463203,0.933799056
0.380952381,0.617929293,0.843274043
0.37745098,0.661255411,0.883021571
0.353535354,0.372572665,0.924500327
0.361842105,0.418804113,0.952380952
