0.25,0.144588745,0.596284794
0.298850575,0.194588745,0.333333333
0.576923077,0.459047619,1
6.666666667,0.4625,0.811107106
0.288888889,0.120941558,0.707106781
0.972222222,1,0.945610858
3.541666667,0.633333333,0.808452083
6.666666667,0.4625,0.811107106
5.541666667,0.371428571,0.945610858
5.541666667,0.291904762,0.945610858
4.5,0.310714286,0.979957887
4.5,0.310714286,0.979957887
2.666666667,0.344444444,0.952579344
0.30952381,0.198556999,0.424264069
3.541666667,0.411111111,0.904534034
0.298850575,0.194588745,0.333333333
2,0.696969697,0.843274043
2.666666667,0.344444444,0.952579344
0.9,0.8875,0.979957887
0.95,0.825,0.97366764
1.642857143,0.412770563,0.891231897
2,0.696969697,0.843274043
1.037037037,0.604166667,0.994134847
1.428571429,0.522294372,0.97366764
0.698412698,0.983333333,0.961523948
0.787037037,0.966666667,1
1.571428571,0.389517625,0.943701431
1.269230769,0.763809524,0.858301746
1.227272727,0.673333333,0.957841489
1.269230769,0.791904762,0.909588054
1.090909091,0.718181818,0.98644005
0.318181818,0.229715523,0.624695048
0.270833333,0.152525253,0.596284794
1.269230769,0.78047619,0.858301746
0.324074074,0.330055659,0.688062462
0.444444444,0.476363636,0.933799056
0.444444444,0.476363636,0.933799056
1.037037037,0.75,0.994134847
0.643939394,0.497142857,1
0.694444444,0.583333333,1
0.95,0.816666667,0.979957887
0.333333333,0.21008658,0.457604315
0.298850575,0.266839827,0.54073807
0.307017544,0.185238095,0.48507125
0.512820513,0.916666667,1
1.41025641,0.53707483,0.980196059
0.395061728,0.42,0.912870929
0.28,0.327597403,0.557086015
0.294117647,0.166305916,0.647150229
0.318181818,0.237136673,0.503655401
1.363636364,0.377142857,0.990375137
0.324074074,0.146753247,0.48507125
0.333333333,0.216839827,0.527046277
0.329059829,0.318089054,0.650944555
0.820175439,0.979166667,0.99380799
0.326666667,0.193326118,0.438397299
1.227272727,0.683333333,0.957841489
0.318181818,0.351623377,0.676752968
0.357142857,0.307251082,0.784464541
0.340909091,0.22507215,0.801783726
0.43115942,0.3625,0.872871561
1.101851852,0.528571429,0.994134847
0.868421053,0.9375,0.99380799
1.33974359,0.703809524,0.911322377
0.295454545,0.188268398,0.457604315
1.198717949,0.941904762,0.858301746
0.375,0.18008658,0.707106781
0.333333333,0.216810967,0.628828146
0.95,0.648571429,0.997940266
1.319444444,0.558571429,0.97725455
0.329059829,0.325231911,0.561800648
0.326666667,0.269751082,0.438397299
0.328125,0.29017316,0.503655401
1.551282051,0.447619048,0.911322377
0.324074074,0.345361781,0.589691975
0.366666667,0.323871367,0.72554232
0.291666667,0.183116883,0.577350269
0.512820513,0.916666667,1
0.307017544,0.218181818,0.703526471
0.30952381,0.204112554,0.424264069
0.428571429,0.372727273,0.884984651
0.376068376,0.345361781,0.761904762
1.090909091,0.718181818,0.98644005
0.428571429,0.132575758,0.596284794
0.324074074,0.33466811,0.77151675
0.863636364,0.648181818,0.997940266
0.315972222,0.188961039,0.577350269
1.180555556,0.751515152,0.97725455
0.9,0.565646259,0.997940266
0.326666667,0.276839827,0.666666667
0.666666667,0.490816327,1
0.333333333,0.228268398,0.527046277
0.263157895,0.348484848,0.904534034
0.295454545,0.399621212,0.801783726
0.344827586,0.279491342,0.923869771
0.352564103,0.356926407,0.82452977
0.295454545,0.275021645,0.754336509
0.43115942,0.370833333,0.833950389
4.5,0.466666667,0.864241621
0.39957265,0.473881674,0.824163384
0.388888889,0.197294372,0.628539361
0.318181818,0.205555556,0.745355992
0.305555556,0.294994589,0.561800648
0.35,0.23030303,0.727392967
0.298850575,0.339517625,0.527046277
0.28,0.403896104,0.841191024
0.344827586,0.233395176,0.669438681
0.868421053,0.85,0.99380799
0.416666667,0.479166667,1
0.333333333,0.274621212,0.801783726
0.429292929,0.306024531,0.888888889
0.357142857,0.313419913,0.890870806
0.342105263,0.281515152,0.801783726
0.387096774,0.321991342,0.928476691
0.318181818,0.22008658,0.457604315
0.357142857,0.304545455,0.904534034
0.34375,0.263388992,0.844736791
2.666666667,0.344444444,0.952579344
0.424242424,0.388658009,0.849836586
0.416666667,0.306547619,0.739600262
0.364583333,0.341515152,0.904534034
0.367816092,0.271969697,0.816496581
0.892857143,0.404166667,1
0.425,0.241515152,0.890870806
0.336538462,0.229365079,0.841191024
0.698412698,0.983333333,0.961523948
0.95,0.76,0.97366764
0.28,0.44237013,0.666666667
0.318181818,0.205627706,0.628539361
0.28,0.453419913,0.841191024
0.326666667,0.271103896,0.889297292
0.300925926,0.392918986,0.914659121
0.263157895,0.166305916,0.888888889
0.275862069,0.291810967,0.849836586
0.318627451,0.455163884,0.904534034
0.325,0.271428571,0.596284794
0.340909091,0.208549784,0.890870806
1.090909091,0.718181818,0.98644005
0.318181818,0.295411255,0.624695048
0.411290323,0.333080808,0.884984651
0.4375,0.26008658,0.727392967
0.30952381,0.227597403,0.784464541
0.314102564,0.193326118,0.727392967
0.318181818,0.243419913,0.596284794
0.520833333,0.29,1
0.357142857,0.408477633,0.914659121
0.298850575,0.337445887,0.669438681
0.364583333,0.225108225,0.48507125
1.101851852,0.418253968,0.994134847
0.303333333,0.266839827,0.577350269
0.395061728,0.322348485,0.743160536
0.295454545,0.297564935,0.866578245
0.28,0.4004329,0.727392967
0.4,0.295779221,0.928414165
0.295454545,0.28475572,0.754336509
0.338709677,0.416486291,0.928476691
0.372093023,0.352442795,0.697518449
0.352564103,0.325231911,0.662266179
0.291666667,0.40007215,0.889297292
0.32183908,0.203246753,0.54073807
1.269230769,0.791904762,0.909588054
0.318627451,0.293560606,0.888888889
0.307017544,0.146753247,0.703526471
0.320833333,0.318804113,0.732589674
0.344827586,0.228633271,0.707106781
0.343137255,0.385858586,0.808452083
2.666666667,0.344444444,0.952579344
0.324074074,0.303787879,1
1.428571429,0.518326118,0.92998111
2,0.696969697,0.843274043
0.357142857,0.243326118,0.784464541
0.416666667,0.385858586,0.808452083
0.405797101,0.357954545,0.872871561
0.357142857,0.404848485,0.912870929
0.324074074,0.358181818,0.904534034
0.892857143,0.555555556,1
